
2.9849007201979596
4.114482890412255
4.208327319761391
5.4153398532785015
3.446626951410553
4.0803031182101215
5.179687551304182
6.55604190568851
2.5478745296756324
2.584350793719799
4.571893028390546
5.091143349320076
2.5195158865667038
3.7629955280844403
5.2685752929708505
5.740341062577188
4.109447686830882
5.416093147868925
8.975844592219447
9.54421087564136
4.4585136613758385
5.312114772721428
8.140881357174086
7.248175252921658
3.556560258086697
5.33579238072797
8.012821730016935
8.248490519372394
3.0565570337437347
3.9970384991982413
6.610234418948265
7.560113858371668
5.539235646536618
11.994202949553756
9.29668601606434
12.831687841405216
3.5272114632049565
5.752210428127388
8.545349461500678
8.59918842769305
5.32991458815534
6.88726915395194
10.424901815683686
11.855579220408062
2.710663745198262
4.840778202202015
8.08327844540623
11.586546936681081
2.754603515870649
5.7289500536952795
8.86566523612874
10.198141629831532
3.8955243999746005
7.1998122751027305
7.610990640923691
10.817683630710413
3.549172992487057
6.646072146410736
10.120270727990599
9.518765085794909
7.257581754978713
8.512083899742366
9.81061807080166
16.03441706936529
13.472984106187608
17.04993508849765
21.15880119291245
21.32849362351355
5.317212478433924
6.275211664513834
14.250679379242728
13.171404519243216
3.645624114524823
6.515331760413237
10.74641691407376
13.718132529587383
3.869248994562318
7.698532699840475
12.296862263868011
13.456318269141205
4.199933189593385
7.345711088400875
10.056762886600152
13.822013406120263
6.636481563721677
8.618432269249102
15.360635984615817
13.334853190274707
4.490547063080829
8.303273812678022
10.504786378267553
17.36401578269779
5.9972493165753304
7.556709581882862
13.773529958133528
19.462447332477478
5.592405335851738
10.385831958303765
17.228894962770493
18.239623810158943
5.938196050622278
8.773854414904307
14.243014061850282
17.740426585230516
5.752159264083577
10.229983285735749
12.645234809206988
15.04512001285291
4.9799188606490175
8.411399099517944
13.605716329045505
18.50342685649861
4.866601424850306
9.231675170262271
15.391137160436099
17.01204172836275
4.770947685351471
8.525459188639875
13.731092171292921
20.724779961385927
5.363856126332824
9.201285895889649
15.623107400009593
18.409942867910303
5.9764315138866655
11.706569692951248
13.851123730652903
18.700717371897753
5.452706537981338
12.154742200206808
11.982246406447224
20.08069799665066
6.490097287032372
9.821588902353989
15.858191135840165
19.843960769694963
9.59649193916591
14.912109943669765
10.735042466419698
17.244870924871094
5.782914786653835
9.290021072561489
14.59134115248659
20.45996196778097
7.205254997134934
10.54799178979826
13.953788156100613
14.465451977021992
6.8268839302748905
12.314915874995753
19.33570326079315
17.97670422633959
5.955362424684132
8.761474041414983
16.948048994894695
16.62873981315168
8.222175460380008
14.972833080379266
18.059834455949712
19.349119603441146
6.760690504366614
12.881671583080196
13.402094332234656
18.48210402284917
8.959216468496505
11.744987554794303
18.451499558837792
22.869515451885743
6.297354063035459
11.322650709243907
17.10079822087928
22.624990530784938
5.477415776069259
10.98055400864802
13.436239332747936
17.97001420859035
7.957176103275043
13.905456460843297
20.394449904060014
25.34618029167204
7.7467320882026165
14.744204587727609
18.709280979474343
21.578436489046876
8.356339360749105
13.726286095371893
17.781277267645216
20.341881384724992
7.865986262387545
13.276047967329738
20.016543089397796
23.117244608911616
10.02979332928263
14.656217410274326
18.6781990922148
33.504961054903795
6.997394442344045
16.26597459486182
20.80305317594509
22.334096804839177
6.969978329912731
12.11008110737835
17.8559700489404
24.001857225535012
