
5.357116307239351
9.149837721715542
14.590106280467431
16.969323250995078
5.827993065340539
9.358452354627541
11.646093534384775
16.343782263018237
5.217360715582698
9.924797651445452
15.25322539058054
16.963565782543537
6.532330004638426
11.273916365540043
13.46152610124281
16.245536125855526
6.382958334986179
10.04652672939332
15.032494920486041
18.260999468252333
5.819124735452667
10.34552611688586
16.7763565443854
20.312389159807953
5.591695097477894
9.886343899313836
12.79028135101848
15.917866652702164
6.113159822126216
9.660198612835076
14.295624405539217
17.30352410392375
5.683585632093559
10.906330850043515
17.032762480277015
19.002670190678195
5.133292336033059
9.313867636232427
17.317443639881386
19.88279498877414
6.291514691889518
11.325553620089103
15.380116530162221
20.27309971135917
6.625360802016665
10.517419331280786
18.255608274414882
17.7834453713221
6.115046009598411
10.29521481284776
14.998187025924873
18.86272959021527
5.784401577014302
11.216416283571311
18.75677266814809
21.222576034703543
6.466292510241835
11.101805324554322
15.911366614496872
19.55232711504964
7.081360280907013
10.629408459591511
13.857841742011564
17.13985099346843
6.299701903615452
12.082437632201687
15.030117505693958
20.912494315775508
5.493133615991649
9.765935844896587
14.576055155422878
18.41809490173301
5.2675946512382055
11.45094657199335
16.589625909777954
19.74868787790481
6.559343322221978
11.513439235316081
16.304458350833603
19.627872337099717
6.915284320806242
10.707140142132165
16.330299014028164
21.12566739952015
6.671453228743976
11.483383994881596
16.9985323338304
21.69494414263885
5.984601168414242
10.661594516607346
17.768791449625812
20.204731971009497
7.459348023482082
10.846574418134075
15.4493483400002
17.91399550259406
6.563906500562177
13.138874219797573
20.60211249002239
25.566404696162984
6.763627451791202
12.344724593107022
17.062452114622502
21.866416731665936
6.362975554033578
11.854180317676303
16.719795622676504
17.582169398164
7.965994528231706
14.059087896164396
19.49018616300932
20.73186040915183
7.62339099999053
11.735028472358257
18.25854748545425
20.37938152880695
6.792628225457763
11.31687647368839
18.270660275075752
17.856425562759146
7.740289446917788
14.305462142158396
21.347035336875205
22.82103446143442
6.769955202547291
13.063031265974368
21.034033337839844
24.02192892513448
6.803321838577482
14.114389353331775
23.622779187086362
24.23425556977287
6.407580358132507
11.417934138695044
17.62670295378069
18.762483445960086
6.70746747309458
11.296293144221485
20.59732457558332
25.549353838995927
5.928413832981875
11.466415972143427
17.116847808989526
18.804205375203587
7.002131135146597
12.653019366669435
19.886238578257363
20.821140883367793
8.08039568223366
14.231692521710636
19.504110991565412
23.04669139154163
7.319495332100547
12.662089409569207
17.664121481410753
22.392303273987622
8.825874469022052
17.08416316633713
20.889635737387323
24.615886499104935
8.033318048108347
14.54888297191259
21.075720637342886
23.041424696617593
8.553341818348661
14.997613221459325
20.999277643422978
20.39856048745378
10.852395851110723
19.414445580853027
26.501140395990177
31.833017520415982
8.729201286326564
16.33222623202296
23.23218869067044
24.26334322195741
6.603437971417299
13.563474582789686
20.70987370596146
22.98971996154563
7.352139372796028
13.455916695893439
19.74719378359084
23.267552368991932
7.050066982991701
14.791383667852788
24.719021315530505
22.567347610910705
8.456061167819046
14.29928453131603
17.04130702723934
19.292668429208412
6.248570069659362
13.139365225789913
21.97405749644371
24.808497237141896
9.172910640558158
18.519454689791353
23.94172617038673
26.376157051218623
7.5108360126961
15.901568121275021
22.627499051643415
22.938525271886245
8.864877483662674
17.589386349261382
22.34990748779224
24.437379536364535
7.904932241974075
12.651526398798424
17.144716037536547
19.717780067480415
7.528102042118425
15.268019077752744
21.916905099981495
25.4132904770955
7.126851172822185
17.329442638679964
24.722008736444554
27.068262603029332
8.548718444705521
13.704819825093635
21.38671811935104
26.16639482340636
7.142189177609398
14.355683404526529
19.273742694932
20.19749098573823
7.70609181069773
16.29592873590585
24.45521826126695
26.5559074535695
8.751784555387854
18.113311802178366
27.266340789857864
32.18120960195314
7.787177949086698
14.125390971381568
21.356392663555972
23.108304134822898
7.947909803359907
16.30477815609791
22.49981187655175
24.796836188112394
8.54991062891759
16.177741918143898
21.75262931252577
23.54164049859253
8.235151396959072
14.410598035284295
17.96717569006036
21.514518304865284
11.322991640343142
15.903795368166772
21.702886914613817
22.64174518796521
8.39452226893295
15.241714382778216
19.626332225288124
21.37312935272071
10.445850133324146
21.35344458603742
31.970790312044922
34.71156069981495
8.920311632133869
15.72442534773663
23.814490877328076
26.220327023758973
6.752767109187234
13.306625998644419
21.058185410561062
23.731585753389762
7.424229409029181
17.99804324914614
27.445756165611296
28.779032525809274
11.587751850675323
18.82595960939567
23.832494333167066
23.041608927183894
8.484850431983018
16.234261041762643
22.31822903125771
26.863036455526224
7.395532661659258
12.583763193836248
17.74015046348966
20.454381679001347
7.398331985384266
14.915419028670488
21.96862346279138
26.7822455541132
11.213159349612129
20.546412646607806
22.937227885643278
22.845709990792148
9.765652584192367
19.086572106383738
24.01616286464528
23.55682854864774
8.088991006479642
15.531728621456246
23.333641509505014
24.788335574482915
11.810691815307655
20.25244142329929
25.249224891445294
26.482565750497887
10.931399664640818
18.64349915449755
23.70636968201259
26.776938455219735
10.17465512297362
18.4141076461825
26.66317789713366
25.996750778892128
11.055153948547025
19.98877271053399
27.163423296877397
28.132169554355134
8.37813942954393
18.8269000012445
25.682586628670958
27.278302467588123
14.421958718298207
24.20821004177994
33.35970050218455
31.309879737275164
11.35794145472619
23.15599836906761
28.616265371022703
29.427615279131004
15.48862120340836
25.37143833882102
32.04610986265729
30.08537195302001
8.316517000890281
14.232682130131993
20.632627344736722
24.981372538818714
9.05697969111907
18.933153632722906
28.590871610016595
29.33778218376244
8.32748147220597
13.03342274224253
21.503336350821048
24.737996496656837
9.979341947836799
16.943460241162004
22.348566912048057
26.39900358155284
16.00182647273675
28.793754889005264
34.297934627889106
30.529991404960658
11.180008582406407
20.75464077343347
30.572948229495378
29.66502667237263
9.200123697735421
18.492694421930146
24.30693590447007
24.036069165490403
11.988366322672167
20.825536601206906
31.16783813197334
27.040875025353355
14.41725322523407
26.26015733173934
36.67489821068738
39.03904311612488
8.641578940050039
16.27839550515946
23.778884141709373
27.378921943864544
9.427369260631618
20.110408279527732
28.095355569878198
34.15404248737898
15.3744381877722
25.015662598338057
31.30600127795219
31.36601363938475
12.658274005980433
21.431242910008137
26.644132317611586
27.771657213971093
11.430663963078741
23.41890659822301
29.809722064201335
30.155778917125375
10.521721432777266
18.435915264876993
27.02170847950899
27.41348772535393
10.882881772741944
23.041881771229914
34.899259037616794
34.45235250802868
2.1974463999933014
3.0168113928277194
3.648368722255117
4.697445922976608
